[0,0]:=COUNT([.0,0.]:[6,7.0]);
[0,0]:=ROWCOUNT([0,0]:[6,7]);
[0,0]:=COLCOUNT([0,0]:[6,7]);
[0,0]:=SUM([0,0]:[6,7]);
[0,0]:=ROWSUM([0,0]:[6,7]);
[0,0]:=COLSUM([0,0]:[6,7]);
[0,0]:=AVG([0,0]:[6,7]);
[0,0]:=ROWAVG([0,0]:[6,7]);
[0,0]:=COLAVG([0,0]:[6,7]);
[0,0]:=MIN([0,0]:[6,7]);
[0,0]:=ROWMIN([0,0]:[6,7]);
[0,0]:=COLMIN([0,0]:[6,7]);
[0,0]:=MAX([0,0]:[6,7]);
[0,0]:=ROWMAX([0,0]:[6,7]);
[0,0]:=COLMAX([0,0]:[6,7]);
[0,0]:=ADD([0,0]:[6,7])([0,0]:[6,7]);
[0,0]:=SUBT([0,0]:[6,7])([0,0]:[6,7]);
[0,0]:=ADD([0,0]:[6,7])10;
[0,0]:=MULT([0,0]:[6,7])([0,0]:[6,7]);
[0,0]:=DIV([0,0]:[6,7])([0,0]:[6,7]);
[0,0]:=ADD 10.0([0,0]:[6,7]);
[0,0]:=SUBT 10.0([0,0]:[6,7]);
[0,0]:=MULT 10.0([0,0]:[6,7]);
[0,0]:=DIV 10.0([0,0]:[6,7]);
[0,0]:=ADD([0,0]:[6,7])10;
[0,0]:=SUBT([0,0]:[6,7])10;
[0,0]:=MULT([0,0]:[6,7])10;
[0,0]:=DIV([0,0]:[6,7])10;
[0,0]:=ADD[0,0]([0,0]:[6,7]);
[0,0]:=SUBT[0,0]([0,0]:[6,7]);
[0,0]:=ADD([0,0]:[6,7])10;
[0,0]:=MULT[0,0]([0,0]:[6,7]);
[0,0]:=DIV[0,0]([0,0]:[6,7]);
[0,0]:=ADD([0,0]:[6,7])[0,0];
[0,0]:=SUBT([0,0]:[6,7])[0,0];
[0,0]:=ADD([0,0]:[6,7])10;
[0,0]:=MULT([0,0]:[6,7])[0,0];
[0,0]:=DIV([0,0]:[6,7])[0,0];
[0,0]:=ADD([0,0]:[6,6])([0,0]:[6,7]);
[0,0]:=SUBT([0,0]:[6,6])([0,0]:[6,7]);
[0,0]:=MULT([0,0]:[6,6])([0,0]:[6,7]);
[0,0]:=DIV([0,0]:[6,6])([0,0]:[6,7]);
